;Compact Keyboard with Grouped Arrows
;
;Copyright (c) 2006-2017  Comfort Software Group
;ALL RIGHTS RESERVED
Height=254
Width=635
DefaultCenterInfo=1
8=448,78;516,112
9=6,112;57,146
13=439,146;516,180
20=6,146;64,180
27=7,7;41,41
32=141,214;337,248
33=570,69;635,110;label:Scroll up;fontl:Tahoma;fonts:10
34=570,110;635,151;label:Scroll Down;fontl:Tahoma;fonts:8
37=583,202;547,238;543,234;543,233;542,232;540,230;540,229;539,227;537,223;535,219;535,218;534,217;534,215;533,214;533,209;532,208;532,196;533,195;533,191;534,190;534,187;535,186;535,184;537,181;539,177;540,174;543,171;543,170;545,168;547,166;fontl:Tahoma;fonts:11
38=583,202;547,166;551,162;552,162;555,159;559,157;564,155;565,154;567,154;569,153;571,153;573,152;576,152;577,151;589,151;590,152;595,152;596,153;598,153;599,154;601,154;606,157;610,159;611,159;613,161;614,162;615,162;617,164;619,166;fontl:Tahoma;fonts:15
39=583,202;619,166;621,168;623,170;623,171;626,174;628,178;630,182;631,185;631,186;632,187;632,190;633,191;633,195;634,196;634,208;633,209;633,214;632,215;632,217;631,218;631,220;629,223;629,225;627,227;627,228;625,231;623,233;623,234;621,236;619,238;fontl:Tahoma;fonts:13
40=583,202;619,238;617,240;615,242;614,242;611,245;610,245;607,247;606,248;604,248;601,250;599,250;598,251;596,251;595,252;590,252;589,253;577,253;576,252;572,252;571,251;568,251;567,250;565,250;561,248;557,246;554,244;552,242;551,242;549,240;547,238;fontl:Tahoma;fonts:12
48=346,78;380,112
49=40,78;74,112
50=74,78;108,112
51=108,78;142,112
52=142,78;176,112
53=176,78;210,112
54=210,78;244,112
55=244,78;278,112
56=278,78;312,112
57=312,78;346,112
65=64,146;98,180
66=217,180;251,214
67=149,180;183,214
68=133,146;167,180
69=125,112;159,146
70=167,146;201,180
71=201,146;235,180
72=235,146;269,180
73=295,112;329,146
74=269,146;303,180
75=303,146;337,180
76=337,146;371,180
77=285,180;319,214
78=251,180;285,214
79=329,112;363,146
80=363,112;397,146
81=57,112;91,146
82=159,112;193,146
83=99,146;133,180
84=193,112;227,146
85=261,112;295,146
86=183,180;217,214
87=91,112;125,146
88=115,180;149,214
89=81,180;115,214
90=227,112;261,146
91=56,214;98,248
92=380,214;422,248
93=422,214;464,248
160=6,180;81,214
161=421,180;516,214
162=6,214;56,248
163=464,214;516,248
164=98,214;141,248
165=337,214;380,248
186=371,146;405,180
187=414,78;448,112
188=319,180;353,214
189=380,78;414,112
190=353,180;387,214
191=387,180;421,214
192=6,78;40,112
195=579,4;632,40
196=545,5;575,31
197=44,7;132,41;fontl:Tahoma;fonts:12
198=621,241;634,254
199=134,7;222,41;fontl:Tahoma;fonts:12
200=284,43;318,77
201=40,43;74,77
202=516,78;550,112;fontl:Tahoma;fonts:13
203=74,43;108,77
204=109,43;143,77
205=144,43;178,77
206=179,43;213,77
207=214,43;248,77
208=471,5;505,39
209=507,5;541,39
210=249,43;283,77
212=389,43;423,77
214=319,43;353,77
217=354,43;388,77
219=397,112;431,146
220=465,112;516,146
221=431,112;465,146
222=405,146;439,180
